39210.37393861626	0
39607.44842284471	0
40008.5337604492	1
39607.44842284471	2
39210.37393861626	2
41653.800081315356	1
41236.2620805022	2
40822.899459697175	2
43366.555811860344	1
42931.890253741745	2
42501.57135120432	2
42075.55563769228	2
41653.80008131536	1
41236.26208050221	2
40822.89945969718	2
36909.936728737615	0
37283.77447347234	0
37661.388357042764	1
34050.72275755565	0
34395.67955308652	0
34744.120760693455	0
35096.08157645803	0
35451.597551977815	0
35810.70459795739	0
36173.43898783575	1
35810.70459795739	2
35451.597551977815	2
28399.24810464686	0
28687.119297623092	0
28977.898280427366	0
29271.614424674106	0
29568.297398660714	0
29867.977170364356	0
30170.684010469045	0
30476.44849542328	0
30785.301510528567	0
31097.274253059157	0
31412.39823541329	0
31730.705288296253	0
32052.22756393561	0
32376.9975393289	0
32705.04801952414	0
33036.41214093348	0
33371.12337468028	1
32705.048019524147	1
30785.30151052857	0
31097.274253059164	0
31412.398235413297	1
31097.274253059164	2
30785.30151052857	1
30170.68401046905	1
29867.97717036436	2
29568.297398660714	2
29271.614424674106	2
28977.898280427366	2
29271.6144246741	0
29568.297398660707	0
29867.97717036435	0
30170.68401046904	0
30476.448495423272	0
30785.30151052856	1
40413.67046510021	1
42075.555637692276	1
43805.61193117207	1
42075.55563769228	1
40413.670465100215	3
38042.81652226542	1
33709.215529980094	3
35096.08157645803	3
36539.83736145025	1
28114.25562360039	3
29271.614424674106	3
29867.97717036436	3
31097.27425305916	3
31730.705288296256	3
33709.21552998009	1
33036.412140933484	1
31730.70528829626	1
31097.274253059164	1
30476.448495423283	1
28687.119297623092	3
29271.614424674095	3
31097.27425305915	1
40008.5337604492	0
40413.67046510021	0
40822.89945969718	1
40413.67046510021	2
40008.5337604492	2
42501.57135120432	0
42931.89025374174	0
43366.555811860344	1
44249.10296077987	1
43805.61193117207	2
43366.555811860344	2
42501.57135120433	1
40008.53376044921	3
39607.44842284471	2
39210.37393861626	2
38817.2701992301	2
38428.0974972378	1
33371.12337468029	3
34050.722757555646	0
34395.67955308651	0
34744.12076069345	3
36909.93672873762	1
27276.264017323836	0
27552.791936690744	0
27832.11306736439	3
27552.791936690748	2
27276.26401732384	2
28977.898280427366	3
29568.297398660718	3
30170.68401046905	0
30476.448495423283	0
30785.30151052857	3
31412.398235413297	3
33371.12337468028	0
33709.21552998009	0
34050.722757555646	1
33709.215529980094	2
33371.12337468029	2
33036.412140933484	2
32705.048019524147	2
32376.997539328906	2
32052.227563935616	2
31730.70528829626	2
31412.398235413297	2
31097.274253059164	2
30785.30151052857	2
27832.113067364386	0
28114.25562360039	0
28399.24810464686	3
28977.898280427355	3
30785.30151052856	0
31097.27425305915	0
31412.398235413282	1
39607.44842284471	3
41236.2620805022	1
42931.89025374174	1
43805.61193117207	0
44249.10296077987	0
44697.07369775744	1
42501.57135120433	0
42931.890253741745	1
42501.57135120433	2
38817.2701992301	1
37283.774473472346	1
27552.791936690744	1
28687.119297623092	3
29271.61442467411	3
30476.44849542329	3
31097.274253059164	3
33036.412140933484	3
34395.67955308651	1
31730.70528829626	3
31730.705288296245	1
39210.37393861626	3
41653.800081315356	0
42075.555637692276	0
42501.57135120432	0
42931.89025374174	0
43366.555811860344	1
43366.555811860344	3
45149.56939167418	1
44697.07369775744	2
44249.10296077987	1
43366.55581186035	1
44249.10296077988	1
38428.0974972378	0
38817.2701992301	0
39210.37393861626	1
38817.2701992301	2
38428.097497237795	2
36173.43898783575	0
36539.83736145025	0
36909.93672873762	0
37283.774473472346	0
37661.38835704277	1
37283.774473472346	2
36909.93672873762	2
27276.264017323836	0
27552.791936690744	0
27832.11306736439	0
28114.255623600395	0
28399.248104646864	3
28977.898280427366	3
29568.29739866072	0
29867.977170364364	0
30170.684010469053	3
30785.301510528574	3
32705.048019524147	3
34744.12076069345	1
34395.67955308651	2
34050.722757555646	2
30785.301510528567	0
31097.27425305916	0
31412.398235413293	3
33371.12337468027	1
34050.72275755563	0
34395.6795530865	0
34744.12076069343	1
34395.6795530865	2
34050.72275755563	2
33709.21552998007	2
33371.12337468027	2
33036.41214093347	2
32705.048019524133	2
32376.99753932889	2
32052.2275639356	2
41236.26208050221	3
43805.61193117207	1
45606.63574916584	1
44697.07369775744	1
43805.611931172076	1
44697.07369775745	1
39607.44842284471	1
38042.81652226543	1
35096.081576458026	1
33709.21552998007	1
34395.6795530865	1
35096.08157645801	1
33709.21552998007	3
33036.41214093347	3
33036.412140933455	1
32376.997539328888	1
40008.53376044921	0
40413.670465100215	0
40822.89945969719	0
41236.26208050221	0
41653.80008131536	1
44249.10296077987	0
44697.07369775744	0
45149.56939167418	0
45606.63574916584	0
46068.318938551354	1
45606.63574916584	2
45149.56939167418	2
44249.10296077988	0
44697.07369775745	0
45149.56939167419	1
39210.37393861626	0
39607.44842284471	0
40008.5337604492	1
39607.44842284471	2
39210.37393861626	2
38817.2701992301	2
38428.09749723782	0
38817.270199230115	0
39210.37393861628	1
38428.09749723781	0
38817.27019923011	0
39210.37393861627	1
38817.27019923011	2
38428.0974972378	2
36173.43898783574	1
35810.70459795738	2
35451.59755197781	2
35096.081576458026	2
34744.120760693455	0
35096.08157645803	0
35451.597551977815	1
35096.08157645804	2
34744.120760693455	2
35096.081576458026	0
35451.59755197781	0
35810.70459795738	0
36173.43898783574	1
35810.70459795738	2
35451.59755197781	2
32052.2275639356	0
32376.99753932889	0
32705.048019524133	0
33036.41214093347	0
33371.123374680275	1
33709.21552998007	0
34050.72275755563	0
34395.6795530865	0
34744.12076069343	0
35096.08157645801	0
35451.597551977786	1
33371.12337468027	3
32705.04801952413	3
33371.12337468026	1
32705.04801952413	1
40413.670465100215	1
41236.26208050221	1
42075.55563769228	1
43805.61193117207	3
46534.66559449632	1
45606.63574916585	1
40413.67046510021	1
38817.2701992301	3
39607.448422844725	1
39607.44842284472	1
38042.81652226542	3
36539.83736145024	1
35810.70459795739	1
34395.67955308652	3
36539.83736145024	1
33709.21552998008	1
35810.70459795736	1
33036.41214093346	3
33709.215529980065	1
33036.41214093346	1
40822.89945969719	0
41236.26208050221	0
41653.80008131536	0
42075.55563769228	0
42501.57135120433	0
42931.890253741745	0
43366.55581186035	1
42931.89025374175	2
42501.57135120433	2
47005.722822723554	1
44249.10296077988	0
44697.07369775745	0
45149.569391674195	1
46068.31893855136	1
45149.569391674195	1
40822.89945969718	1
38428.09749723782	0
38817.270199230115	0
39210.37393861628	0
39607.448422844725	0
40008.533760449216	0
40413.67046510022	0
40822.8994596972	1
40008.53376044921	1
37661.38835704277	3
37283.77447347234	2
36909.936728737615	2
36173.43898783575	0
36539.83736145025	0
36909.93672873762	1
36173.43898783575	1
34050.72275755565	3
36173.43898783574	0
36539.83736145024	0
36909.936728737615	1
36173.43898783574	1
35810.70459795738	2
35451.59755197781	2
33371.123374680275	0
33709.21552998008	0
34050.72275755564	1
33709.21552998008	2
33371.12337468028	2
35451.597551977786	0
35810.70459795736	0
36173.43898783572	1
32705.04801952413	3
34744.120760693426	1
34395.67955308649	2
34050.722757555624	2
33709.215529980065	2
33371.12337468027	2
43805.611931172076	1
47481.53820477127	1
45606.63574916586	1
46534.66559449633	1
45606.63574916586	1
41236.2620805022	1
41236.262080502216	1
40413.670465100215	1
37661.38835704277	1
37283.774473472346	1
36539.83736145025	1
36539.83736145024	1
37283.77447347234	1
36539.83736145024	1
34395.679553086506	1
36539.83736145022	1
35096.081576458004	1
33036.412140933455	3
45149.569391674195	0
45606.63574916586	0
46068.31893855137	1
45606.63574916586	2
45149.569391674195	2
44697.073697757456	2
44249.10296077988	2
47005.722822723554	0
47481.53820477127	0
47962.159802799266	1
46068.31893855137	0
46534.665594496335	1
46068.31893855137	2
46534.66559449633	0
47005.72282272356	1
46068.31893855137	1
41653.800081315356	0
42075.555637692276	0
42501.57135120432	0
42931.89025374174	0
43366.555811860344	1
42501.57135120433	1
41653.80008131537	1
41236.262080502216	2
40822.89945969719	2
40008.53376044921	1
37661.38835704277	0
38042.81652226543	0
38428.09749723781	1
38042.81652226543	2
37661.38835704277	2
37283.774473472346	2
36909.93672873762	2
36539.83736145025	2
36173.43898783574	2
36539.83736145024	0
36909.936728737615	1
37661.388357042764	1
37283.77447347234	2
36909.936728737615	2
36539.837361450234	2
36173.43898783573	2
35810.704597957374	2
35451.5975519778	2
35096.081576458026	2
34744.12076069344	2
36909.9367287376	1
36173.43898783572	0
36539.83736145022	0
36909.93672873759	1
36539.83736145022	2
36173.43898783571	2
35810.70459795736	2
35451.59755197778	2
32052.22756393559	0
32376.99753932888	0
32705.04801952412	3
46534.665594496335	1
47481.53820477127	1
48447.636164443706	1
47005.72282272357	1
47481.53820477128	1
46534.665594496335	1
43805.61193117207	1
42931.890253741745	1
42075.55563769229	1
40413.670465100215	1
38817.27019923011	1
37283.774473472346	3
36539.83736145024	3
37283.77447347234	1
38042.81652226542	1
36539.837361450234	1
37283.774473472324	1
35810.70459795736	3
37283.77447347232	1
30785.30151052855	1
32376.99753932888	3
47962.15980279927	1
47481.538204771285	2
47005.72282272357	2
49933.68669290983	1
50439.07746758569	0
50949.5731995815	1
47962.159802799266	0
48447.636164443706	0
48938.016327720914	1
48447.636164443706	2
47962.15980279927	1
47481.538204771285	2
47005.72282272357	2
47481.53820477128	0
47962.15980279927	1
47481.538204771285	2
47005.72282272357	2
46534.665594496335	2
46068.31893855137	2
45606.63574916586	2
45149.569391674195	2
44697.07369775745	2
44249.10296077987	2
43805.611931172076	2
43366.55581186035	2
42931.89025374175	2
42501.57135120434	2
42075.55563769229	2
41653.80008131536	2
41236.26208050221	2
40822.89945969719	2
40413.670465100215	2
40008.533760449216	2
39607.448422844725	2
39210.37393861627	2
36909.93672873762	3
36173.43898783574	3
36539.83736145024	0
36909.936728737615	0
37283.77447347234	0
37661.388357042764	1
38428.0974972378	1
36173.43898783573	0
36539.837361450234	0
36909.93672873761	1
36173.438987835725	0
36539.83736145023	0
36909.9367287376	0
37283.774473472324	0
37661.38835704275	1
35451.59755197778	3
37661.38835704274	1
37283.77447347232	2
36909.93672873759	2
30785.30151052855	0
31097.27425305914	0
31412.39823541327	0
31730.705288296234	0
32052.22756393559	3
48447.63616444371	1
50439.07746758569	1
51465.22545412273	1
50949.57319958151	2
49433.349825980724	1
48447.63616444371	1
47481.53820477128	1
48447.63616444371	1
45606.63574916585	3
44697.07369775744	3
41236.26208050221	3
40413.67046510022	3
39607.44842284472	3
38042.81652226542	1
38817.2701992301	1
37283.77447347233	1
36173.43898783572	3
38042.816522265406	1
38042.8165222654	1
36539.83736145021	3
30476.448495423254	3
31730.70528829623	3
48938.01632772092	0
49433.34982598073	0
49933.68669290983	0
50439.07746758569	0
50949.5731995815	1
51986.08631729569	1
50949.5731995815	1
50439.07746758569	2
49933.686692909825	2
49433.34982598073	2
48938.01632772092	2
48447.63616444371	2
47962.15980279927	2
48938.01632772092	1
47962.15980279927	1
45149.569391674195	3
44697.07369775745	2
44249.10296077988	2
43805.611931172076	2
43366.55581186036	2
34744.120760693455	0
35096.08157645803	0
35451.597551977815	1
40822.89945969719	3
40008.533760449216	3
39210.37393861628	3
36909.93672873763	1
36173.43898783574	0
36539.83736145024	0
36909.936728737615	0
37283.77447347234	0
37661.388357042764	0
38042.81652226542	0
38428.0974972378	0
38817.2701992301	0
39210.37393861626	1
38817.2701992301	2
38428.0974972378	1
37661.38835704276	1
38428.09749723779	1
37661.38835704275	0
38042.816522265406	0
38428.09749723778	0
38817.27019923008	0
39210.37393861624	1
38817.27019923008	2
38428.09749723777	2
36173.43898783571	3
30170.684010469027	3
30785.30151052856	0
31097.27425305915	0
31412.398235413282	1
51465.22545412273	1
52512.20840130878	1
51465.22545412273	1
49433.34982598073	1
48447.63616444371	1
43805.61193117208	3
34395.67955308652	3
35810.70459795739	1
39607.44842284472	3
38817.270199230115	3
37283.77447347235	1
36539.837361450234	3
37283.77447347234	3
39607.44842284471	1
38817.2701992301	1
38042.81652226541	0
38428.09749723779	0
38817.270199230086	1
39607.44842284469	1
35810.70459795735	3
29867.977170364335	3
31730.705288296245	1
49933.68669290983	0
50439.07746758569	0
50949.5731995815	0
51465.22545412273	0
51986.08631729569	0
52512.20840130878	0
53043.64484980685	1
52512.20840130878	2
51986.08631729569	2
51465.22545412273	2
50949.5731995815	2
49933.68669290983	0
50439.07746758569	0
50949.5731995815	1
50439.07746758569	2
49933.68669290983	1
49433.34982598073	2
48938.01632772092	2
48447.63616444371	2
47962.15980279927	2
43366.55581186036	3
33371.12337468029	0
33709.215529980094	0
34050.72275755565	3
36173.43898783575	1
38428.09749723782	0
38817.270199230115	0
39210.37393861628	3
38428.09749723782	3
38042.816522265435	2
37661.38835704278	2
35451.5975519778	0
35810.704597957374	0
36173.43898783573	3
36909.93672873761	3
40822.89945969718	1
40413.67046510021	2
40008.5337604492	2
39607.44842284471	2
39210.37393861626	2
37661.38835704275	3
39210.37393861625	0
39607.448422844696	0
40008.53376044919	0
40413.670465100186	0
40822.89945969716	1
40413.670465100186	2
40008.53376044918	2
39607.44842284469	2
39210.37393861624	1
35451.597551977786	1
29568.297398660692	3
31412.398235413282	0
31730.705288296245	0
32052.2275639356	1
49433.349825980724	3
50439.07746758569	3
52512.20840130878	1
53580.44934323924	1
53043.64484980686	1
51465.22545412273	1
50439.07746758569	1
48447.636164443706	3
36539.83736145025	1
38042.81652226543	3
38817.270199230115	3
38428.09749723781	2
41236.2620805022	1
40413.6704651002	1
41236.26208050218	1
39607.44842284469	1
35810.70459795736	1
32376.99753932889	1
48938.01632772093	0
49433.34982598074	0
49933.68669290984	1
53043.64484980685	1
54122.676104282065	0
54670.37990331522	0
55223.61606395477	1
54670.37990331522	2
54122.676104282065	2
53580.44934323925	2
53043.64484980685	2
52512.20840130878	2
51986.08631729569	2
51465.22545412273	2
50949.5731995815	2
47962.15980279927	3
48938.01632772091	1
49933.68669290982	1
35451.597551977815	0
35810.70459795739	0
36173.43898783575	0
36539.83736145025	0
36909.93672873762	0
37283.774473472346	0
37661.38835704277	0
38042.81652226543	0
38428.09749723781	3
46068.31893855135	0
46534.66559449631	0
47005.72282272355	1
46534.66559449631	2
46068.31893855135	2
45149.56939167418	1
42501.57135120432	1
42075.555637692276	2
41653.800081315356	2
41236.2620805022	2
40822.899459697175	2
43366.55581186033	1
42501.5713512043	1
42075.555637692254	2
41653.800081315334	1
41236.26208050218	2
40822.89945969716	0
41236.26208050218	0
41653.800081315334	1
40822.89945969715	1
40008.53376044918	1
36173.43898783572	0
36539.83736145022	0
36909.93672873759	0
37283.77447347232	0
37661.38835704274	1
32705.048019524133	1
50439.077467585696	1
53580.44934323924	1
55782.44046864118	1
52512.20840130878	3
52512.20840130877	1
50439.07746758569	3
49433.34982598072	1
50439.077467585674	1
47481.53820477126	1
45606.635749165835	3
45606.63574916584	1
42931.89025374174	1
43805.61193117205	1
42931.890253741716	1
42075.555637692254	1
42075.555637692254	1
41236.26208050217	1
40413.67046510018	1
38042.8165222654	1
33036.41214093347	1
51986.08631729569	1
51465.22545412274	2
50949.57319958151	2
54122.676104282065	0
54670.37990331522	0
55223.61606395477	0
55782.44046864118	0
56346.90956428402	1
50949.57319958149	0
51465.22545412272	0
51986.08631729568	3
53043.64484980684	1
49933.68669290983	3
55223.61606395475	1
49933.68669290982	0
50439.077467585674	0
50949.573199581486	0
51465.225454122716	0
51986.086317295674	0
52512.20840130876	0
53043.64484980683	1
52512.20840130876	2
51986.08631729567	2
51465.225454122716	2
50949.57319958148	2
50439.07746758567	2
49933.68669290981	2
49433.34982598071	2
48938.0163277209	2
48447.63616444369	2
47962.15980279926	2
45149.56939167418	0
45606.63574916584	0
46068.318938551354	1
43366.555811860344	0
43805.61193117207	0
44249.10296077987	1
43366.55581186033	0
43805.61193117205	0
44249.10296077985	1
43805.61193117205	2
43366.55581186032	2
42931.89025374172	2
42501.5713512043	2
43366.55581186033	1
42501.5713512043	1
42075.555637692254	2
41653.80008131533	2
41236.26208050218	2
40822.89945969715	2
40413.670465100186	2
40008.53376044918	2
39607.44842284469	2
39210.37393861624	2
38817.27019923007	2
38428.09749723777	2
33371.123374680275	1
52512.20840130878	1
50439.07746758569	3
54670.37990331521	3
56917.08036796365	1
51465.22545412272	3
53580.449343239234	1
55782.440468641165	1
50949.57319958148	3
53580.44934323922	1
46534.66559449632	1
44697.07369775744	1
44697.07369775742	1
43805.61193117205	1
42931.890253741716	1
41236.26208050218	3
40413.670465100186	3
38042.816522265406	3
33709.21552998008	1
53043.64484980685	1
49933.68669290983	3
55223.61606395477	1
54122.67610428206	3
57493.010472690556	1
49933.68669290984	0
50439.077467585696	0
50949.57319958151	3
54122.67610428206	1
55223.61606395475	0
55782.440468641165	0
56346.909564284004	0
56917.08036796364	0
57493.01047269054	1
56917.08036796363	2
56346.90956428399	2
55223.616063954745	1
54670.3799033152	2
54122.67610428204	2
53580.44934323923	2
53043.64484980683	2
52512.208401308766	2
51986.086317295674	2
51465.22545412271	2
50949.57319958148	2
50439.077467585674	2
49933.68669290982	2
49433.34982598072	2
48938.01632772091	2
48447.6361644437	2
47962.15980279926	2
47481.53820477126	2
47005.722822723554	2
46534.66559449631	2
46068.318938551354	2
45606.63574916584	2
45149.56939167418	2
45606.63574916582	0
46068.31893855133	1
45606.63574916582	2
45149.56939167416	2
46068.31893855133	1
43366.55581186033	0
43805.61193117205	0
44249.10296077985	1
43805.61193117205	2
43366.55581186032	2
40822.89945969715	3
40008.53376044919	3
37661.38835704275	1
36909.9367287376	1
37661.38835704275	3
34050.72275755564	1
53580.44934323924	1
55782.44046864118	1
58074.75805322279	1
54670.37990331521	1
54670.379903315195	3
58074.758053222766	1
55782.44046864116	1
53580.44934323922	3
52512.20840130876	3
51465.22545412271	3
49433.34982598072	3
48447.6361644437	3
46534.66559449632	3
45606.635749165835	3
46534.6655944963	1
44697.07369775741	3
46534.6655944963	1
44697.07369775742	1
39607.44842284469	3
38042.816522265406	1
37283.774473472324	1
37283.774473472324	3
34395.679553086506	1
54122.676104282065	0
54670.37990331522	0
55223.61606395477	1
56346.90956428402	0
56917.08036796365	0
57493.010472690556	0
58074.75805322279	0
58662.38187194221	1
58074.75805322279	2
57493.010472690556	2
56917.08036796365	2
56346.90956428401	2
55782.44046864117	2
55223.61606395476	2
54122.676104282036	3
59855.49624726272	1
59255.94128479009	2
58662.38187194219	2
58074.758053222766	2
57493.01047269054	2
56917.08036796363	2
56346.909564284	2
53043.64484980683	3
51986.08631729567	3
50949.573199581486	3
47962.15980279926	0
48447.6361644437	0
48938.01632772091	3
47962.15980279926	3
47481.53820477127	2
47005.722822723554	2
46068.318938551354	3
45149.56939167418	3
46068.31893855133	1
46534.6655944963	0
47005.72282272353	1
44249.10296077985	3
47005.72282272353	1
46534.6655944963	2
46068.31893855133	1
45606.63574916582	2
45149.56939167416	2
42501.5713512043	1
41653.800081315334	1
39210.37393861625	1
38817.270199230086	2
38428.09749723778	2
38042.816522265406	2
37661.38835704275	2
37283.774473472324	2
36909.9367287376	2
34744.12076069344	1
55782.44046864118	1
55782.44046864117	3
59255.94128479011	1
56917.080367963645	3
55782.440468641165	1
60461.107320467396	1
58074.758053222766	3
50439.077467585674	3
48447.6361644437	3
47481.53820477127	3
45606.63574916584	3
46534.6655944963	1
47481.53820477125	1
47481.53820477125	1
46534.6655944963	1
44697.07369775741	3
42931.890253741716	1
42075.555637692254	1
39607.448422844696	1
37283.774473472324	3
36539.83736145021	3
35096.08157645802	1
55223.61606395477	0
55782.44046864118	0
56346.90956428402	1
55782.44046864117	2
55223.61606395477	0
55782.44046864118	0
56346.90956428402	1
59855.49624726274	1
56346.90956428401	3
57493.01047269055	1
56917.080367963645	2
56346.909564284004	2
55782.440468641165	2
55223.61606395475	2
61072.8356772398	1
57493.01047269054	3
58662.3818719422	1
58074.75805322277	2
57493.01047269054	2
56346.90956428401	1
55782.440468641165	2
55223.61606395475	2
49933.68669290981	3
53043.644849806835	1
47962.15980279926	3
47005.72282272356	3
44249.10296077987	0
44697.07369775744	0
45149.56939167418	1
46068.31893855133	0
46534.6655944963	0
47005.72282272353	0
47481.53820477125	0
47962.159802799244	1
47481.538204771256	2
47005.72282272354	2
47481.53820477125	0
47962.159802799244	1
47005.72282272353	1
44249.10296077985	3
43805.61193117205	2
43366.55581186032	2
42931.890253741716	2
42501.5713512043	2
40008.53376044919	1
39607.448422844696	2
39210.37393861625	1
36909.9367287376	3
36539.83736145022	2
36173.43898783572	2
35810.70459795737	2
35451.59755197779	2
56917.08036796365	1
56917.08036796365	1
60461.10732046741	1
58074.75805322278	1
61690.743108323026	1
59255.9412847901	1
56917.080367963645	1
53580.44934323923	1
43805.61193117207	3
45606.63574916584	1
47481.53820477125	1
48447.636164443684	1
48447.636164443684	1
47481.53820477125	1
42931.89025374172	3
42075.55563769227	3
40413.67046510019	1
39607.448422844696	1
36539.83736145023	3
35096.08157645801	3
56346.90956428402	0
56917.08036796365	0
57493.010472690556	0
58074.75805322279	0
58662.38187194221	1
58074.75805322279	2
57493.010472690556	2
61072.83567723981	1
60461.10732046741	2
59855.49624726273	2
59255.941284790104	2
58662.381871942205	2
58074.75805322278	2
57493.010472690556	2
63582.16715499349	1
62314.892028609116	1
61072.835677239804	1
60461.1073204674	2
59855.49624726272	2
59255.941284790104	2
58662.3818719422	2
58074.75805322277	2
57493.01047269055	2
56917.08036796364	2
56346.909564284	2
55782.44046864116	2
55223.61606395475	2
54670.3799033152	2
54122.67610428205	2
53580.44934323923	2
53043.644849806835	2
52512.208401308766	2
51986.086317295674	2
43366.555811860344	3
46068.318938551354	0
46534.66559449632	0
47005.722822723554	1
47481.53820477125	0
47962.159802799244	1
48938.01632772089	1
48447.636164443684	2
47962.159802799244	2
48938.01632772089	1
48447.636164443684	2
47962.159802799244	2
40008.53376044919	1
42501.57135120431	3
41653.80008131534	3
41236.26208050219	2
40822.89945969717	2
40413.67046510019	2
40008.53376044919	2
36173.438987835725	3
35810.704597957374	2
35451.59755197779	2
35096.08157645802	2
34744.12076069343	2
55782.44046864117	3
59255.94128479011	1
61690.74310832304	1
59255.941284790104	3
64225.4213686803	1
62945.345483443554	1
61690.74310832303	1
59255.9412847901	1
56917.08036796364	3
55782.44046864116	3
54670.3799033152	3
53580.44934323923	3
52512.20840130876	3
51465.22545412272	3
47481.53820477127	1
48447.636164443684	1
49433.3498259807	1
49433.3498259807	1
40413.67046510019	1
42075.55563769227	3
35810.70459795737	3
55223.61606395475	3
58662.38187194221	0
59255.94128479011	0
59855.49624726274	1
59255.94128479011	2
58662.381871942205	2
62314.89202860913	1
58662.381871942205	3
64875.173099677086	1
64875.17309967707	0
65531.48797947179	1
64875.17309967707	2
64225.4213686803	2
63582.16715499349	1
62945.34548344356	2
62314.89202860912	2
61072.835677239804	1
60461.1073204674	2
59855.49624726272	2
56346.909564284	3
55223.616063954745	3
54122.67610428204	3
53580.44934323922	2
53043.64484980683	3
51986.086317295674	3
51465.22545412272	2
50949.573199581486	2
50439.077467585674	2
49933.68669290982	2
49433.349825980724	2
48938.016327720914	2
48447.6361644437	2
47962.159802799266	2
48447.636164443684	0
48938.01632772089	0
49433.3498259807	0
49933.6866929098	0
50439.07746758566	0
50949.57319958147	1
50439.07746758566	2
49933.6866929098	2
38428.097497237795	1
40822.89945969717	0
41236.26208050219	0
41653.80008131534	3
41236.26208050219	2
40822.89945969716	2
40413.6704651002	2
40008.533760449194	2
34744.12076069344	0
35096.08157645802	0
35451.59755197779	3
33371.12337468028	1
33036.412140933484	2
32705.048019524147	1
54670.37990331521	3
60461.10732046741	1
59255.941284790104	1
62945.34548344357	1
65531.48797947181	1
64875.173099677086	2
66194.43230249676	1
64225.4213686803	1
61690.74310832303	1
55782.44046864115	3
53580.44934323923	3
50439.07746758568	3
49433.349825980724	3
48447.636164443706	3
47481.53820477127	3
51465.2254541227	1
49433.3498259807	3
38817.27019923009	1
40413.67046510019	3
40413.6704651002	3
39607.4484228447	3
35096.08157645802	3
33709.21552998009	1
33036.412140933484	1
54122.67610428206	3
53580.44934323924	2
53043.64484980684	2
61072.83567723981	1
60461.10732046741	2
59855.49624726273	2
63582.167154993505	1
64875.173099677086	1
66194.43230249677	1
67540.47781093436	1
66864.073032825	2
66194.43230249676	2
64875.17309967707	1
64225.421368680305	2
63582.1671549935	2
62314.89202860912	1
47962.15980279927	1
55223.61606395474	3
51986.08631729568	0
52512.208401308766	0
53043.644849806835	3
52512.208401308766	2
51986.086317295674	2
51465.22545412272	2
50949.5731995815	2
50439.07746758568	2
49933.686692909825	2
48938.01632772092	3
47962.159802799266	3
47005.72282272356	3
54122.676104282036	1
53580.44934323922	2
53043.64484980682	2
52512.20840130875	2
51986.08631729566	2
48938.0163277209	3
39210.373938616256	0
39607.4484228447	0
40008.533760449194	3
39210.37393861626	0
39607.44842284471	0
40008.5337604492	3
39210.373938616256	3
34050.72275755564	0
34395.679553086506	0
34744.12076069344	3
34395.679553086506	2
34050.722757555646	2
33709.21552998009	2
33371.12337468029	2
61690.74310832304	1
63582.167154993505	0
64225.42136868031	1
65531.48797947181	1
66864.07303282502	1
68223.71496053976	1
65531.48797947179	1
62945.34548344356	1
48447.63616444371	1
52512.208401308766	3
49433.349825980724	3
47481.53820477127	3
46534.66559449633	3
54670.37990331519	1
48447.63616444369	3
38817.27019923009	3
39607.4484228447	3
34395.67955308651	3
33036.41214093349	3
59855.49624726274	0
60461.10732046741	0
61072.83567723981	0
61690.74310832304	0
62314.89202860913	1
63582.167154993505	1
64875.173099677086	0
65531.48797947181	0
66194.43230249677	0
66864.07303282502	0
67540.47781093436	0
68223.71496053976	0
68913.85349549471	1
68223.71496053976	2
67540.47781093436	2
66864.07303282502	2
66194.43230249676	2
65531.4879794718	2
64875.17309967708	2
64225.421368680305	2
63582.1671549935	2
48938.01632772092	0
49433.34982598073	0
49933.68669290983	0
50439.07746758569	0
50949.5731995815	0
51465.22545412273	0
51986.08631729569	3
51465.22545412273	2
50949.5731995815	2
47962.15980279927	0
48447.63616444371	0
48938.01632772092	3
48447.63616444371	2
47962.15980279927	2
47005.72282272357	3
46534.665594496335	2
46068.31893855137	2
55223.61606395474	1
54670.37990331519	2
54122.676104282036	2
47005.72282272354	0
47481.538204771256	0
47962.15980279925	3
38428.09749723779	3
38042.81652226541	2
37661.38835704276	2
38428.0974972378	0
38817.2701992301	0
39210.37393861626	3
38817.2701992301	2
38428.097497237795	2
33371.12337468028	0
33709.21552998009	0
34050.722757555646	3
32052.227563935616	1
32705.04801952415	3
62945.34548344357	1
64225.42136868031	1
64225.421368680305	3
65531.4879794718	3
69610.96312676233	1
64225.4213686803	3
47481.53820477127	3
55782.44046864115	1
47481.538204771256	3
38042.81652226541	3
37283.77447347233	3
38042.81652226541	3
38817.27019923009	3
32705.048019524147	0
33036.412140933484	3
33709.215529980094	3
32376.997539328906	1
61072.83567723981	1
61690.74310832304	0
62314.89202860913	0
62945.34548344357	0
63582.167154993505	0
64225.42136868031	0
64875.173099677086	1
63582.1671549935	3
64875.17309967707	3
68913.85349549471	0
69610.96312676233	0
70315.1142694569	1
71744.82631308734	0
72470.53162938115	0
73203.5673024052	1
63582.1671549935	3
40008.53376044921	0
40413.670465100215	0
40822.89945969719	1
41653.80008131536	0
42075.55563769228	0
42501.57135120433	1
43366.55581186035	1
46068.31893855136	0
46534.66559449633	0
47005.72282272356	3
46534.66559449632	2
46068.318938551354	2
59855.4962472627	1
59255.941284790075	2
58662.38187194217	2
57493.01047269053	1
56917.080367963616	2
56346.90956428399	0
56917.08036796362	0
57493.01047269053	1
46068.31893855134	0
46534.665594496306	0
47005.72282272354	3
37661.38835704275	3
36909.9367287376	3
37283.774473472324	0
37661.38835704275	3
38428.097497237795	3
38042.81652226541	2
37661.38835704276	2
32705.048019524147	3
33371.12337468028	3
33036.41214093348	2
32705.048019524147	2
32376.997539328906	2
32052.227563935616	2
61690.74310832304	1
61690.74310832305	3
65531.48797947181	1
71026.37804995646	1
73944.00737616686	1
62945.34548344357	3
41236.26208050221	1
42075.55563769228	1
42931.890253741745	1
43805.611931172076	1
45606.63574916584	3
46534.66559449633	3
60461.107320467374	1
58074.75805322275	1
58074.75805322275	1
46534.6655944963	3
36539.83736145023	3
38042.81652226541	3
37283.77447347233	3
33036.412140933484	3
62314.89202860913	1
61072.83567723981	3
64875.173099677086	1
66194.43230249677	0
66864.07303282502	0
67540.47781093436	0
68223.71496053976	0
68913.85349549471	1
70315.1142694569	0
71026.37804995646	0
71744.82631308734	1
71026.37804995646	2
70315.1142694569	2
74691.92664259279	1
62314.89202860912	3
40822.89945969719	0
41236.26208050221	0
41653.80008131536	0
42075.55563769228	0
42501.57135120433	0
42931.890253741745	0
43366.55581186035	0
43805.611931172076	0
44249.10296077988	0
44697.07369775745	0
45149.56939167419	3
46068.318938551354	3
59855.4962472627	0
60461.107320467374	0
61072.835677239775	0
61690.743108323004	0
62314.892028609094	1
58662.381871942176	0
59255.941284790075	0
59855.4962472627	1
58662.381871942176	1
45149.569391674166	0
45606.63574916583	0
46068.31893855134	3
35451.59755197779	0
35810.70459795737	0
36173.438987835725	3
35810.704597957374	0
36173.43898783573	1
37661.38835704276	3
36909.93672873761	3
32052.227563935616	1
32705.048019524147	1
32376.997539328906	2
32052.227563935616	2
31730.70528829626	2
31412.398235413297	2
62945.34548344357	1
65531.48797947181	1
69610.96312676233	1
72470.53162938115	1
75447.40064908363	1
41236.26208050221	3
44697.07369775744	3
45149.56939167418	0
45606.63574916584	3
59255.941284790075	3
60461.107320467374	3
62945.34548344353	1
60461.107320467374	1
59255.941284790075	1
35810.704597957374	3
36539.837361450234	0
36909.93672873761	0
37283.77447347233	3
32376.997539328906	1
33036.412140933484	1
63582.167154993505	1
64875.173099677086	0
65531.48797947181	0
66194.43230249677	0
66864.07303282502	0
67540.47781093436	0
68223.71496053976	0
68913.85349549471	1
70315.1142694569	1
71744.82631308734	0
72470.53162938115	0
73203.5673024052	0
73944.00737616686	0
74691.92664259279	1
75447.40064908363	0
76210.50570614508	1
75447.40064908363	2
74691.92664259279	2
79340.78979272993	1
40822.89945969718	3
76210.50570614505	1
75447.4006490836	2
74691.92664259276	2
43366.555811860344	0
43805.61193117207	0
44249.10296077987	3
45149.56939167419	3
58662.38187194217	3
59855.4962472627	3
63582.16715499347	1
62945.34548344354	2
62314.892028609094	2
61690.74310832301	2
61072.835677239775	2
60461.107320467374	2
59855.4962472627	2
33371.123374680275	0
33709.21552998008	0
34050.72275755564	0
34395.679553086506	0
34744.12076069344	0
35096.08157645802	0
35451.59755197779	3
36173.438987835725	3
36909.936728737615	3
34744.120760693455	1
32705.048019524147	0
33036.412140933484	0
33371.12337468029	1
33036.41214093349	2
32705.048019524154	2
32376.997539328913	2
32052.22756393562	2
64225.42136868031	1
66194.43230249677	1
69610.96312676233	1
71026.37804995646	1
73203.5673024052	1
75447.40064908363	1
76981.31889509605	1
80143.22201285852	1
76981.31889509602	1
64225.421368680276	1
61690.74310832301	3
60461.10732046738	3
33709.21552998009	3
34395.679553086506	3
35096.08157645802	3
35810.704597957374	3
36539.83736145024	3
35096.08157645803	1
33709.215529980094	1
31730.705288296267	3
64875.173099677086	0
65531.48797947181	0
66194.43230249677	0
66864.07303282502	0
67540.47781093436	0
68223.71496053976	0
68913.85349549471	0
69610.96312676233	0
70315.1142694569	0
71026.37804995646	0
71744.82631308734	0
72470.53162938115	0
73203.5673024052	0
73944.00737616686	0
74691.92664259279	0
75447.40064908363	0
76210.50570614508	0
76981.31889509605	0
77759.9180758546	1
79340.78979272993	0
80143.22201285852	0
80953.75960894799	1
79340.7897927299	1
78546.3818948026	2
77759.91807585457	1
76981.31889509602	2
76210.50570614505	2
75447.40064908362	2
74691.92664259278	2
73944.00737616685	2
73203.56730240518	2
68913.85349549468	1
68223.71496053973	2
67540.47781093433	2
66864.07303282499	2
66194.43230249673	2
65531.48797947177	2
64875.17309967705	2
61072.83567723978	1
59855.49624726271	3
59255.941284790075	2
58662.381871942176	2
30170.684010469045	1
33371.12337468028	3
34050.72275755564	3
34744.12076069343	3
35451.59755197781	3
36173.43898783574	3
35810.70459795738	2
35451.597551977815	2
35096.08157645803	2
34744.120760693455	2
34395.67955308652	2
34050.72275755565	2
33709.215529980094	2
33371.1233746803	2
31412.3982354133	3
64225.421368680305	3
69610.96312676233	3
73944.00737616688	3
75447.40064908365	3
78546.38189480263	1
81772.48445348282	1
80143.22201285849	1
78546.3818948026	1
75447.40064908362	3
73944.00737616685	3
72470.53162938112	3
69610.9631267623	1
64225.42136868027	3
61690.74310832301	1
59255.941284790075	3
58074.75805322275	3
30476.44849542328	1
33036.412140933484	3
34395.6795530865	3
35096.081576458026	3
35096.08157645803	3
34395.67955308652	3
31097.274253059168	3
63582.167154993505	3
62945.34548344357	2
62314.89202860914	2
63582.16715499349	1
67540.47781093436	0
68223.71496053976	0
68913.85349549471	3
73203.5673024052	0
73944.00737616686	0
74691.92664259279	0
75447.40064908363	1
74691.92664259278	2
74691.9266425928	3
79340.78979272993	0
80143.22201285852	0
80953.75960894799	0
81772.48445348282	0
82599.47924594223	1
81772.4844534828	2
80953.75960894796	2
80143.2220128585	2
79340.7897927299	2
74691.92664259278	3
73203.56730240518	3
71744.82631308731	3
71026.37804995643	2
70315.11426945687	2
69610.9631267623	2
68913.85349549468	2
62314.8920286091	0
62945.34548344354	0
63582.167154993476	3
62945.34548344353	2
62314.8920286091	2
58662.381871942176	3
58074.75805322275	2
57493.01047269052	2
30785.301510528567	1
32705.048019524147	3
32376.997539328902	2
32052.227563935616	2
34050.72275755563	3
34744.12076069344	3
34050.722757555646	0
34395.67955308651	0
34744.12076069345	3
34050.72275755565	3
33709.215529980094	2
33371.1233746803	2
30170.684010469053	0
30476.448495423287	0
30785.301510528574	3
62945.345483443554	3
61690.743108323026	3
64225.4213686803	1
72470.53162938113	3
76210.50570614508	1
78546.38189480262	3
81772.48445348282	1
83434.82752115377	1
80143.2220128585	3
78546.38189480262	3
73944.00737616686	3
71026.37804995643	3
69610.9631267623	3
62945.34548344353	1
62945.34548344354	3
61690.743108323004	3
58074.75805322275	3
31097.27425305916	1
32376.997539328906	3
31730.705288296256	3
34395.679553086506	3
34395.67955308652	3
33709.215529980094	3
30476.448495423287	3
62314.89202860912	3
61072.8356772398	3
64875.17309967707	0
65531.48797947179	0
66194.43230249676	1
70315.1142694569	0
71026.37804995646	0
71744.82631308734	3
76210.50570614508	0
76981.31889509605	0
77759.9180758546	0
78546.38189480263	0
79340.78979272993	1
78546.38189480263	2
77759.9180758546	2
82599.47924594223	0
83434.82752115377	0
84278.61365773108	1
79340.78979272992	3
77759.91807585458	3
73203.56730240518	3
66194.43230249675	1
70315.11426945687	3
68913.85349549468	3
62314.892028609094	0
62945.34548344353	0
63582.16715499347	1
62314.892028609094	3
61072.83567723977	3
57493.01047269053	3
29568.297398660714	1
31412.398235413293	0
31730.705288296256	0
32052.227563935612	3
31412.39823541329	3
33371.12337468028	0
33709.21552998009	0
34050.722757555646	3
33371.12337468029	0
33709.215529980094	0
34050.72275755565	3
33371.1233746803	3
33036.41214093349	2
32705.04801952416	2
28399.248104646857	1
30170.684010469053	3
61690.743108323026	3
61690.743108323004	1
66864.073032825	1
69610.96312676233	3
75447.40064908365	3
76981.31889509606	3
80143.22201285852	1
81772.4844534828	3
85130.92288659705	1
78546.3818948026	3
66864.07303282499	1
69610.9631267623	3
64225.421368680276	1
60461.10732046738	3
29867.977170364356	1
31730.705288296253	3
33709.215529980094	3
33709.2155299801	3
28687.11929762309	1
29867.97717036436	3
61072.8356772398	3
62314.892028609094	0
62945.34548344353	0
63582.16715499347	1
67540.47781093435	0
68223.71496053974	0
68913.8534954947	3
73203.5673024052	0
73944.00737616686	0
74691.92664259279	3
76210.5057061451	3
80953.75960894799	1
82599.47924594223	1
80953.75960894798	3
85991.84129959298	1
77759.91807585457	3
76981.31889509603	2
76210.50570614508	2
75447.40064908362	2
74691.92664259278	2
67540.47781093433	0
68223.71496053973	0
68913.85349549468	3
68223.71496053974	2
67540.47781093433	2
66864.07303282498	2
66194.43230249675	2
65531.48797947177	2
64875.17309967705	2
64225.42136868028	2
63582.167154993476	2
59855.4962472627	3
29568.297398660714	0
29867.977170364356	0
30170.684010469045	0
30476.44849542328	0
30785.301510528567	0
31097.274253059157	0
31412.39823541329	3
31097.274253059157	2
30785.301510528563	2
30476.448495423276	2
30170.684010469042	2
33371.12337468029	3
33036.412140933484	2
32705.048019524147	2
33371.1233746803	3
33036.41214093349	2
32705.048019524158	2
28399.248104646857	0
28687.11929762309	0
28977.898280427362	0
29271.614424674102	0
29568.29739866071	3
62945.34548344353	1
64225.42136868027	1
66864.07303282499	3
68223.71496053974	3
75447.40064908362	1
81772.48445348282	1
83434.82752115377	1
86861.45585817473	1
76981.31889509603	3
66864.07303282498	3
68223.71496053973	3
66864.07303282498	3
62945.34548344354	3
30476.448495423276	3
30476.448495423276	3
33036.412140933484	3
32376.997539328902	3
33036.41214093349	3
29271.614424674102	3
59855.4962472627	1
63582.16715499347	0
64225.42136868027	0
64875.17309967704	0
65531.48797947176	0
66194.43230249673	3
67540.47781093435	3
74691.92664259278	0
75447.40064908362	0
76210.50570614506	1
75447.40064908362	2
74691.92664259278	2
82599.47924594223	0
83434.82752115377	0
84278.61365773108	0
85130.92288659705	0
85991.84129959298	0
86861.45585817473	0
87739.8544021967	1
76210.50570614506	3
63582.16715499347	0
64225.42136868027	0
64875.17309967704	0
65531.48797947176	0
66194.43230249673	3
67540.47781093433	3
66864.07303282499	2
66194.43230249675	1
65531.48797947177	2
64875.17309967705	2
61072.83567723979	0
61690.74310832302	0
62314.89202860911	3
62945.34548344353	0
63582.16715499347	1
62945.34548344353	2
62314.89202860909	2
29568.29739866071	0
29867.977170364353	0
30170.684010469042	3
29867.97717036435	2
29568.297398660703	2
30170.684010469042	3
29867.97717036435	2
29568.297398660714	1
32705.048019524143	3
32052.227563935612	3
32705.048019524154	3
32376.99753932891	2
32052.22756393562	2
30170.68401046905	1
29867.97717036436	2
29568.297398660714	2
28977.898280427362	3
60461.107320467374	1
62945.34548344353	3
65531.48797947178	3
66864.07303282499	3
75447.40064908362	1
76981.31889509603	1
81772.4844534828	3
88627.12565878454	1
65531.487979471756	3
66864.07303282499	1
64225.421368680276	3
60461.10732046738	3
61690.74310832301	3
64225.42136868027	1
61690.743108323004	3
29867.977170364346	3
29271.614424674095	0
29568.297398660703	0
29867.977170364346	3
29867.977170364356	1
32376.997539328902	3
31730.705288296256	3
32376.99753932891	3
30476.448495423283	1
28687.119297623085	3
61072.835677239775	0
61690.743108323004	0
62314.892028609094	3
63582.16715499347	0
64225.421368680276	0
64875.17309967705	3
66194.43230249676	3
76210.50570614506	1
77759.91807585458	0
78546.38189480262	0
79340.78979272992	1
80953.75960894796	3
85991.84129959298	0
86861.45585817473	0
87739.8544021967	0
88627.12565878454	0
89523.35925129752	1
95094.10399498999	0
96055.66060099998	0
97026.92989999999	0
98008.01	0
98999.0	1
64875.173099677035	3
64225.42136868027	2
63582.16715499346	2
67540.47781093433	1
63582.167154993476	3
59855.49624726271	0
60461.10732046738	0
61072.83567723978	3
64875.17309967704	1
61072.835677239775	3
28977.898280427355	0
29271.614424674095	0
29568.297398660703	3
28977.898280427355	3
29568.297398660703	3
30170.684010469045	1
32052.227563935612	3
31412.3982354133	0
31730.705288296263	0
32052.22756393562	3
31730.70528829626	2
31412.398235413297	2
31097.274253059164	2
30785.30151052857	2
30476.448495423283	2
30170.68401046905	2
28399.248104646853	3
60461.10732046737	3
61690.743108323004	3
62945.34548344354	3
64225.42136868028	0
64875.17309967706	0
65531.48797947178	3
76981.31889509603	1
80143.2220128585	1
80143.22201285849	3
79340.7897927299	2
90428.64570838133	1
94142.1629550401	3
100000.0	1
68223.71496053973	1
59255.94128479008	3
65531.48797947176	1
29271.614424674095	3
29271.614424674095	3
30476.44849542328	1
31730.705288296253	3
31097.27425305916	3
31730.705288296256	3
30170.68401046905	3
28114.25562360038	3
59855.49624726269	3
61072.83567723978	0
61690.74310832301	0
62314.8920286091	3
63582.16715499348	3
64875.17309967706	3
77759.91807585458	0
78546.38189480262	1
77759.9180758546	2
80953.75960894798	1
79340.7897927299	3
84278.61365773107	1
83434.82752115375	2
82599.47924594222	2
91343.07647311245	0
92266.7439122348	0
93199.7413254897	3
84278.61365773107	1
0.0	0
68913.8534954947	0
69610.96312676232	0
70315.11426945688	1
69610.9631267623	2
68913.85349549468	2
57493.010472690534	0
58074.75805322276	0
58662.38187194218	3
67540.47781093433	1
66864.07303282498	2
66194.43230249673	2
25674.20913707126	1
28399.248104646846	0
28687.119297623078	0
28977.89828042735	3
28399.248104646846	0
28687.119297623078	0
28977.89828042735	3
30785.301510528567	0
31097.274253059157	0
31412.39823541329	3
30785.301510528567	3
31412.398235413293	3
31097.27425305916	2
30785.301510528567	2
30476.44849542328	2
30170.684010469045	2
29867.977170364356	3
29568.297398660714	2
27832.113067364375	3
61690.74310832302	3
64225.42136868028	3
79340.78979272992	1
81772.4844534828	1
85130.92288659704	1
90428.64570838131	3
85130.92288659704	1
71026.37804995645	1
58074.75805322276	3
68223.71496053973	1
65531.48797947177	3
25934.554683910363	1
28114.255623600377	3
28687.119297623078	3
31097.274253059157	3
30476.44849542328	3
30476.44849542328	3
28399.24810464686	1
56346.909564284004	1
57493.01047269054	1
61072.83567723979	3
60461.10732046739	2
59855.496247262716	2
63582.167154993476	3
79340.78979272992	0
80143.2220128585	0
80953.75960894798	0
81772.4844534828	0
82599.47924594222	0
83434.82752115375	0
84278.61365773107	0
85130.92288659704	0
85991.84129959297	0
86861.45585817471	0
87739.85440219668	0
88627.12565878453	0
89523.3592512975	3
88627.12565878453	2
87739.85440219668	2
86861.45585817471	2
85991.84129959297	2
85130.92288659704	2
84278.61365773107	2
70315.11426945688	0
71026.37804995645	0
71744.82631308732	0
72470.53162938113	0
73203.56730240518	1
56346.909564284	0
56917.08036796363	0
57493.010472690534	3
68913.85349549468	1
64875.17309967705	3
26197.52998374784	1
27832.11306736437	3
28399.248104646846	3
28977.898280427366	0
29271.614424674106	0
29568.297398660714	0
29867.977170364356	0
30170.684010469045	0
30476.44849542328	0
30785.301510528567	3
30476.44849542328	2
30170.684010469045	2
29867.977170364356	2
29568.297398660714	2
30170.684010469045	3
29867.977170364356	2
29568.297398660714	2
29271.614424674106	2
28977.898280427366	2
28687.119297623092	2
28399.24810464686	2
56917.08036796364	1
58074.758053222766	1
60461.10732046739	3
78546.38189480259	3
81772.48445348279	3
88627.12565878453	3
86861.45585817471	3
85130.92288659704	3
83434.82752115375	3
71026.37804995645	3
73944.00737616685	1
69610.9631267623	1
26463.161599745294	1
28687.11929762309	3
29271.614424674106	3
29867.977170364356	3
30476.44849542328	3
29867.977170364356	3
28114.25562360039	3
57493.01047269054	0
58074.758053222766	0
58662.38187194219	0
59255.94128479009	0
59855.496247262716	3
59255.94128479009	2
58662.38187194219	2
58074.758053222766	2
57493.01047269054	2
77759.91807585457	0
78546.3818948026	0
79340.7897927299	0
80143.22201285849	0
80953.75960894796	3
80143.22201285849	2
79340.7897927299	2
78546.3818948026	2
77759.91807585457	2
76981.31889509602	2
77759.91807585457	1
87739.85440219668	3
85991.84129959297	3
84278.61365773107	3
82599.47924594222	3
81772.4844534828	2
80953.75960894798	2
70315.11426945687	3
74691.92664259278	1
73203.56730240518	1
72470.53162938112	2
71744.82631308731	2
71026.37804995645	2
70315.11426945687	2
69610.9631267623	2
68913.85349549468	2
26731.476363379086	0
27002.50137715059	0
27276.26401732383	0
27552.791936690737	0
27832.113067364382	0
28114.255623600387	0
28399.248104646857	3
28977.898280427366	3
29568.297398660714	0
29867.977170364356	0
30170.684010469045	3
28399.24810464686	0
28687.119297623092	0
28977.898280427366	0
29271.614424674106	0
29568.297398660714	3
29271.614424674106	2
28977.898280427366	2
28687.119297623092	2
28399.24810464686	2
27832.113067364386	3
58074.75805322276	3
58074.758053222766	3
80143.22201285849	3
78546.3818948026	3
78546.3818948026	1
86861.45585817471	3
83434.82752115375	3
81772.4844534828	3
75447.40064908362	1
74691.92664259278	2
73944.00737616685	2
71026.37804995645	3
69610.9631267623	3
28114.255623600387	3
29271.614424674102	3
29867.977170364356	3
29271.614424674106	3
28687.119297623092	3
27552.79193669074	3
56346.909564284	0
56917.08036796363	0
57493.010472690534	3
56917.08036796363	2
56346.909564284	2
57493.01047269054	3
56917.08036796364	2
56346.909564284004	2
55782.440468641165	2
55223.61606395475	2
77759.91807585457	0
78546.3818948026	0
79340.7897927299	3
77759.91807585457	3
79340.78979272992	0
80143.2220128585	1
79340.7897927299	2
85991.84129959297	3
85130.92288659704	2
84278.61365773107	2
83434.82752115375	2
82599.47924594222	2
80953.75960894798	3
80143.2220128585	2
79340.78979272992	2
78546.38189480262	2
77759.91807585458	2
76981.31889509603	2
76210.50570614506	2
73203.56730240518	3
70315.11426945687	3
68913.85349549468	3
25674.20913707126	0
25934.554683910363	0
26197.52998374784	0
26463.161599745294	0
26731.476363379086	0
27002.50137715059	0
27276.26401732383	0
27552.791936690737	0
27832.113067364382	3
27552.791936690737	2
27276.26401732383	2
28977.898280427366	0
29271.614424674106	0
29568.297398660714	3
27832.113067364386	1
28399.24810464686	0
28687.119297623092	0
28977.898280427366	3
28687.119297623092	2
28399.24810464686	2
26731.47636337909	0
27002.501377150595	0
27276.264017323832	3
55782.44046864114	3
56917.08036796363	3
55782.440468641165	3
54670.3799033152	3
78546.3818948026	3
77759.91807585457	2
80953.75960894798	1
85130.92288659704	3
80143.2220128585	3
78546.38189480262	3
75447.40064908362	3
72470.53162938113	1
68223.71496053973	3
27002.50137715059	3
27552.791936690737	3
28687.119297623092	3
29271.614424674106	3
28114.25562360039	1
28687.119297623092	3
55223.616063954745	0
55782.44046864116	0
56346.909564284	3
55782.44046864116	2
55223.616063954745	2
54122.67610428205	0
54670.3799033152	0
55223.61606395475	3
54122.67610428205	3
73203.56730240516	1
77759.91807585457	3
73203.56730240516	1
80953.75960894798	0
81772.4844534828	0
82599.47924594222	0
83434.82752115375	0
84278.61365773107	3
83434.82752115375	2
82599.47924594222	2
81772.4844534828	2
80953.75960894798	2
80143.2220128585	2
79340.78979272992	2
77759.91807585458	3
73203.56730240518	0
73944.00737616685	0
74691.92664259278	3
73944.00737616685	2
73203.56730240518	2
72470.53162938113	2
71744.82631308732	2
67540.47781093433	3
66864.07303282499	2
66194.43230249675	2
25674.20913707126	0
25934.554683910363	0
26197.52998374784	0
26463.161599745294	0
26731.476363379086	3
27276.26401732383	3
27002.50137715059	2
26731.476363379086	2
28399.24810464686	0
28687.119297623092	0
28977.898280427366	3
28687.119297623092	2
28399.24810464686	2
26731.47636337909	1
28399.24810464686	3
28114.25562360039	2
27832.113067364386	2
27552.79193669074	2
27276.264017323832	2
27002.501377150595	2
26731.47636337909	2
54670.379903315195	3
73944.00737616683	1
76981.31889509602	3
73944.00737616683	1
80143.22201285849	3
83434.82752115375	3
73203.56730240518	3
72470.53162938113	3
71026.37804995645	3
70315.11426945688	2
65531.48797947178	3
25934.554683910363	3
27002.50137715059	3
26463.161599745294	3
28687.119297623092	3
27002.501377150595	1
28114.25562360039	3
27002.501377150595	3
61072.83567723978	0
61690.74310832301	0
62314.8920286091	1
54122.67610428204	3
64875.17309967706	0
65531.48797947178	0
66194.43230249675	1
73203.56730240516	0
73944.00737616683	0
74691.92664259276	0
75447.4006490836	0
76210.50570614505	3
75447.4006490836	2
74691.92664259276	2
79340.7897927299	3
80953.75960894798	0
81772.4844534828	0
82599.47924594222	3
81772.4844534828	2
80953.75960894798	2
76210.50570614506	1
75447.40064908362	2
74691.92664259278	2
73944.00737616685	2
73203.56730240518	2
72470.53162938113	2
71744.82631308732	0
72470.53162938113	3
71744.82631308732	2
71026.37804995645	0
71744.82631308732	3
70315.11426945688	3
63582.167154993476	0
64225.42136868028	0
64875.17309967706	3
25161.30237524354	0
25416.467045700545	0
25674.20913707126	3
26197.52998374784	0
26463.161599745294	0
26731.476363379086	3
26197.52998374784	3
27832.113067364386	0
28114.25562360039	0
28399.24810464686	3
26731.47636337909	0
27002.501377150595	0
27276.264017323832	0
27552.79193669074	0
27832.113067364386	3
26197.529983747845	1
26731.47636337909	3
26463.161599745297	2
26197.529983747845	2
62945.34548344354	1
65531.48797947178	1
66864.07303282499	1
72470.5316293811	3
75447.4006490836	3
73944.00737616683	3
78546.3818948026	3
81772.4844534828	3
76981.31889509603	1
73944.00737616686	3
71026.37804995645	3
71026.37804995645	3
62945.34548344355	3
64225.42136868028	3
26463.161599745294	3
25934.554683910363	3
28114.25562360039	3
26463.161599745297	3
27552.79193669074	3
26463.161599745297	1
62314.8920286091	0
62945.34548344354	0
63582.167154993476	1
64875.17309967706	0
65531.48797947178	0
66194.43230249675	1
67540.47781093433	1
71744.82631308731	0
72470.53162938112	0
73203.56730240516	0
73944.00737616683	0
74691.92664259276	3
73203.56730240516	3
77759.91807585458	0
78546.38189480262	0
79340.78979272992	0
80143.2220128585	0
80953.75960894798	3
80143.2220128585	2
79340.78979272992	2
78546.38189480262	2
77759.91807585458	2
73203.56730240518	3
71744.82631308732	1
70315.11426945688	3
70315.11426945688	3
59855.496247262716	0
60461.10732046739	0
61072.83567723979	0
61690.74310832302	0
62314.89202860911	3
62945.34548344354	0
63582.167154993476	3
62945.34548344354	2
62314.8920286091	2
25161.30237524354	0
25416.467045700545	0
25674.20913707126	0
25934.554683910363	0
26197.52998374784	3
25934.554683910363	2
25674.20913707126	2
27276.264017323832	0
27552.79193669074	0
27832.113067364386	3
26197.529983747845	3
26731.47636337909	0
27002.501377150595	0
27276.264017323832	3
27002.501377150595	2
26731.47636337909	2
26463.161599745297	2
26197.529983747845	2
25934.554683910366	2
25674.209137071262	2
61690.74310832302	3
64225.42136868028	1
66864.07303282499	1
68223.71496053973	1
71026.37804995643	3
72470.5316293811	3
72470.53162938112	3
76981.31889509603	3
73944.00737616685	1
72470.53162938113	1
69610.96312676232	3
59255.94128479008	3
61690.74310832302	3
62945.34548344354	3
24908.689351491103	3
25416.467045700545	3
25934.554683910363	3
25416.467045700545	3
27552.79193669074	3
27002.501377150595	3
26463.161599745297	3
25416.46704570055	3
61072.83567723979	3
64875.17309967706	0
65531.48797947178	0
66194.43230249675	0
66864.07303282499	0
67540.47781093433	0
68223.71496053973	0
68913.85349549468	0
69610.9631267623	0
70315.11426945687	3
71744.8263130873	3
70315.11426945687	0
71026.37804995643	0
71744.82631308731	3
71026.37804995643	2
70315.11426945687	2
71744.82631308732	0
72470.53162938113	0
73203.56730240518	0
73944.00737616685	0
74691.92664259278	0
75447.40064908362	0
76210.50570614506	3
75447.40064908362	2
74691.92664259278	2
73944.00737616685	2
73203.56730240518	2
67540.47781093435	0
68223.71496053974	0
68913.8534954947	3
58662.38187194218	3
59855.496247262716	0
60461.10732046739	0
61072.83567723979	3
62314.8920286091	3
24165.906269062463	0
24411.016433396428	0
24658.60245797619	3
25161.30237524354	3
25674.20913707126	3
25161.30237524354	3
24908.689351491106	2
24658.602457976194	2
27276.264017323832	3
25674.209137071262	0
25934.554683910366	0
26197.529983747845	0
26463.161599745297	0
26731.47636337909	3
26463.161599745297	2
26197.529983747845	2
25934.554683910366	2
25674.209137071262	2
25161.302375243544	3
